-0.000160372810514688503 4.00932026286721121e-05 0 4.00932026286721324e-05 0 0 0 0 0
4.00932026286721121e-05 -0.000121781009207584394 4.00932026286721595e-05 0 4.15946039502401152e-05 0 0 0 0
0 4.00932026286721595e-05 -8.01864052573443055e-05 0 0 4.00932026286721527e-05 0 0 0
4.00932026286721324e-05 0 0 -0.00012178100920758438 4.15946039502401152e-05 0 4.0093202628672146e-05 0 0
0 4.15946039502401152e-05 0 4.15946039502401152e-05 -0.000166378415800960488 4.15946039502401084e-05 0 4.15946039502401558e-05 0
0 0 4.00932026286721527e-05 0 4.15946039502401084e-05 -0.000121781009207584434 0 0 4.00932026286721663e-05
0 0 0 4.0093202628672146e-05 0 0 -8.01864052573443055e-05 4.00932026286721595e-05 0
0 0 0 0 4.15946039502401558e-05 0 4.00932026286721595e-05 -0.000121781009207584461 4.0093202628672146e-05
0 0 0 0 0 4.00932026286721663e-05 0 4.0093202628672146e-05 -8.01864052573443055e-05